-0.9770365198186236 0.168049750098404 -0.9686877173350831 0.1484180126479162 0.07241140173135364 -0.5909015588402075 0.4643642870264254 -0.31420125134863397 -1.2968512997513761 -0.9002629000398824 
-1.551532138078932 -0.9829733386796797 -0.4411807768753109 -1.0847006796571728 -0.7930197487851998 1.9732602545886637 -0.3748905834843584 2.156568199096348 -0.5492673991549452 -0.7877578134916472 
-0.3505826476014306 -0.1596355949178088 -1.0165118112068385 0.35458920072672956 -0.8826112871197392 -0.023894098673337614 1.253764344479103 -1.3878609737086274 -0.07486114873803427 -0.7503961362814743 
-0.8605723795595244 -0.10631579188303572 -0.22777704067221186 -0.04850795468315241 0.8716894192216181 -0.7989566546384503 -0.4735728919414755 0.9472204030271649 -0.2722102453679609 -1.4325849602369893 
0.0614609829217069 -0.3355540119259962 0.17044638686067234 -0.24660587443162466 -0.1914752353196465 0.5287360776702765 0.16160273197775332 0.5421051679273484 -0.22603781166796974 -0.16235391128505625 
0.18969472633598974 -0.6596876979571482 0.5666119871024305 0.5416219470630399 0.3275180562203898 -0.9536858257863842 -0.1692328428233114 -0.8867456267580469 -1.0468880340292814 0.8653729929817421 
-0.9105226943490475 -0.8625763594142626 -0.7463537235899531 1.0811907561837064 -0.15198525237243235 1.1266141909854972 0.3383365343797352 -0.60139835884854 -1.3598897630662357 -0.4508122744119736 
1.7039914731822277 0.253721550346729 0.7068277102962314 -0.22729139068999635 -0.181982990060462 -0.7130739783925839 -0.8955805949539123 0.013175285059749542 -1.0878740330440295 0.36597478101192177 
-0.4661249499063347 -0.8426658328026426 0.3096275270970639 0.23176947149613436 0.07056989608094252 -0.552265556036489 -0.22551838706748933 -0.07856077607440919 1.5221650933190942 -0.9291087012319987 
-1.089892322147458 -0.17330836355951146 0.4176792581401209 0.2625865265059401 -1.9251229675751977 1.2656507948099833 1.0487824318011876 -0.689737665270112 0.43623080716813667 -0.25882429804160934 
-0.4640723875165706 0.41319482697018234 -0.04681695638628195 0.31241005958180856 -0.04336771987769228 0.07552522386234282 -0.02916500504799302 -0.6483767772081827 0.2308217100997222 -0.13499315935224365 
-0.9871035175361463 0.6232487644248884 -1.0350852233538115 0.14963627354057452 -0.36313516810569824 -0.31845609784040346 0.02944778075830572 -0.4405339629536562 1.0315542224234369 -1.286552314137178 
-0.10424032629822584 -0.49347299292348823 0.740947459564041 -1.144260188827441 -0.8191931588008211 -0.7348690591921033 0.9223861660275574 -1.1750471326199565 -0.4826291935357506 -0.26201263850865936 
-0.27139087033489634 -0.43643561180057433 0.865461986998549 -0.48850371992190844 0.032312612330175676 0.3084135854982934 0.2708285946559904 -0.05125919750847001 -0.1379039288916756 -1.4412611867276843 
0.6019232497912602 0.12035066379681837 0.5232898931275153 0.20152277293338874 0.35031639959695904 -0.8495627565512113 -0.7300629357744457 0.04229055703756982 0.10331608529605676 -0.07814498175869837 
-0.35371423283035464 0.4365264798787862 0.6590346976422877 0.21321835160968064 -0.7647426021251474 1.4450539070303408 -1.585787338546085 -1.0146578134711444 -0.8684404153395328 0.9643115538930646 
-0.8053857330837264 -1.3469154262902372 -0.34670210880442337 -0.5493925905288385 -1.1315420326778045 0.9820367682851938 -1.031370744953372 0.7338188757318982 -0.3361095548531355 0.3183680270580976 
0.4048158443067688 -0.01813757175984701 -0.3087115822178872 -0.6367355207442753 -0.3494621390949671 1.1348926141794067 -0.6172826442930625 0.46624539145990146 -1.3972321681399746 -1.237142646023628 
0.6684984889029363 -0.14463326749774913 -1.7210324920640763 1.3510855369489327 -1.291475580464234 0.3531490080908033 0.358268582546177 -0.38784477061081674 -1.1299260012069492 -0.707680323020376 
-0.3594616729661149 -0.5311263426730918 -0.9621672547964631 -1.4751631522505089 -0.2212785337001956 -0.22775587866045488 -0.908537295850838 0.518388572576718 -1.2436628643352674 0.2051238953130837 
-1.081690582414364 -0.6755933657646024 -0.636979109730667 0.7628501870956313 0.5041383328052655 0.341215899634725 -1.3244897534949986 -2.24322878684069 0.4252409228128067 1.7045280993941192 
0.04352557968120264 0.9097716531547063 -0.11775000453108973 -0.12880574626958602 0.15384333240868875 0.17752115851778544 0.06830847497087834 0.07761351821709231 -0.4801904642386818 0.023438898257959525 
-0.03794956333324823 0.31113582861591915 0.29359485052265805 0.14831475360304466 0.009215683392319712 0.3515830817474933 0.08856453040952939 0.12935956811580987 0.004490722105781894 0.22622924083590862 
1.3635368284676244 -0.36088568019227424 -0.9072516961220916 -1.531406873914849 -0.1501940811118498 0.3460329257519475 -0.7576056053384147 -0.901216337536047 -1.3476221456448851 0.5896285680335576 
-0.4351387538865144 0.4463836701824301 -0.0669692743406905 -0.5169205428042966 0.7483238358011673 -0.1538795098346889 0.1117044938489167 0.034117013865307924 0.10714907320217826 -0.9462311634527988 
-1.1023399560855567 -0.46085552086205817 -0.6339675139967738 -0.5925140512728275 -1.05464223110328 1.5560512239681434 0.05339812580936664 0.6644829775943835 -0.5910952494307584 -0.57624455565059 
0.09730340923829425 -0.7973416002258158 -0.4337620979385232 -0.95087682621066 1.391701149480285 0.5490754282399389 -0.3997823057403772 0.10105242797334327 0.9822321850938527 -1.4585843537703103 
0.2760056455219193 -0.8575937637644134 -0.6689982573295401 -0.03017410005417532 -1.0288132127597498 -0.32766633145918933 0.5359091112356329 -0.38462470194001136 1.036700832925058 0.8908111980280327 
0.7751349711094868 0.05224893226677163 -0.3405070246018169 -0.18584452083845338 0.13378403913789816 -0.12500119908119217 -0.35055440383772474 0.21698115144219604 -0.2126668433086223 0.10310231793815976 
-0.16317749126025766 0.3386083928882109 0.21379036356812042 -0.11638770435907438 0.10128453199904303 0.09215313697197336 0.129929045068107 -0.20790275041829634 0.029352373063614916 0.03750624649921284 
-0.18950071956982592 0.0703639985717107 0.1513323491354662 -0.2051592381580078 0.11089648775010047 0.35510001752314274 0.059865495827888214 -0.14171453756866065 -0.1550926433620763 0.12894645168756633 
0.05161335408333524 0.7284786385003236 -0.07870257948574749 -0.23482047208743353 -0.13473396450067032 0.27041529965982264 -0.015299938717869579 -0.22041422520847864 -0.1435855409432959 -0.17834820960700087 
0.06448560800791096 1.522928640155887 -0.2018465636177026 -0.3238735117381098 -0.7180518187377779 0.5413073664397262 0.007392207708372304 0.1591252339464071 -1.6558505210743584 -0.5552848123099683 
0.18757367598003602 0.7539830364065881 -0.6902165110317542 -0.9249921866462664 -0.4063877290455279 1.5853586986484005 -0.1650661652912642 -0.12437626919806719 -1.4106514863008666 -0.42581931583374955 
0.8902111417531743 -0.6977961429799704 -1.4560283375051868 0.08747061290929153 -0.6153688833336257 -1.5504531006572202 -0.1063395630767215 0.34230043149659883 0.7178994794909515 -0.12140915116432674 
-0.220787566156843 -0.04107251878137303 1.0629130847797474 -1.1592122029102063 -0.2567737314820497 0.35653165804254616 -0.14879903777453699 -0.4910097134988463 -1.3378074359045438 -0.15527977695547923 
0.48985282378386397 -0.2649812175836881 -0.22766375196450064 -0.9226788546833711 0.3172516730776655 -0.490677041635523 -0.3934722971179138 -0.17008814388761861 -0.5018226865008653 1.470439517941364 
0.6278684541368748 4.2608521352748864E-4 0.06291278303147332 -1.7658344487210038 0.5640282456879321 -0.36599641710717984 -0.5047216318782999 -0.4298238198648049 0.22289918935105904 -0.9388523752219043 
-0.7148922455574656 0.592656130140666 0.47563094617729135 2.250925493713525 -0.1610455981200983 -2.397267291020092 -0.42340583018085953 -0.38854116626247165 0.0306116567541362 -0.001980448898659527 
-1.1842845833231017 0.5290989523264187 -1.5593432720379554 0.6517970930948631 0.2638558683960478 1.1819885992122754 -0.9301541174343265 -1.3633841961134965 -1.6666401906751238 0.6151874172977003 
-0.13936411507443897 -0.291961340391754 1.7456200879832657 1.7300265378050224 -0.9027994773815703 0.14489210495409977 -1.1146441932371203 0.8505222645281978 -1.5353185627452886 -2.0817548155425203 
-0.4982504834994546 -1.1748372007271384 -1.2619758866380493 0.3329504271891455 0.6145269206788689 -0.08391050439855195 -1.5236272191339435 -1.5452219952729178 0.4148747944521006 -0.16406628204519488 
-0.1436916220669948 0.07674791437882937 0.8464587016614572 -0.9736799979276621 0.6218466076645554 -0.3933575862221593 -0.3562612730799314 -0.07208461967778888 -0.4493001369210011 0.29276271783014096 
-0.18396942208713857 -0.5225946911048239 1.0481169739682936 1.4494945903025784 -1.201624490599981 0.5482677543521377 -0.8252002929123295 -0.6079188175262455 -0.4825020074227495 0.15197370405945718 
-1.0715584406524283 0.10805238829275624 -0.5792887344679245 -0.0015232979090050805 -0.5136968286174447 -0.005510028987080309 0.22077824803132776 -0.6636333907366072 -0.15544537071414866 -1.4240842615168892 
0.9399873825189633 -0.3590300903384448 0.46311747239606776 0.62757594555816 -0.7032166596752197 1.1441707605129718 -1.0207409499205713 -0.4887417499250091 -0.9092463189902837 -0.2652142060128011 
-0.44783542740879634 -0.10046948205298588 -0.08098334523219938 -0.2413380463934354 -0.22663178246509064 -0.12198855225690046 -0.038026108117233746 0.873849021900723 -0.18109734017591508 0.009010066612248336 
0.0885228067506858 0.025459263097091945 -0.5628930959575215 -0.757466980879567 0.13365185478536623 0.3267145328720929 -0.4259312239761478 -0.8430579856779102 -0.07513790231014564 0.7038305347874345 
0.791686692398686 -0.9933400056209223 0.03313858831258583 -0.4530489273066458 0.8295071776634309 -1.1829695881513842 0.5430263469787356 -1.6728988914001075 -1.5518158976542087 -0.5339539382249611 
-0.31241019260055836 -1.06011259131711 0.3961503278965984 -1.6336751429864664 -0.33654377347228925 0.05056993517158291 -0.22935824707702646 -0.845977111226012 1.5420950467524337 0.020213633250595803 
-0.05981528884281248 0.46577582805683476 0.6096819096356744 -1.0140973667586672 0.16848341127269253 0.16415746162221115 -0.2719732879540665 1.2166952755663762 -1.057713693635435 -0.5437594237232225 
-0.47745648252760076 1.2275364579087278 -0.4333647404262004 -0.5626469298596467 0.4787032771012373 -1.1607049343663434 0.6976027839651967 1.0455950828331342 0.1297241002004463 -0.9668123434262859 
-0.5518678219282028 0.2526597951509536 1.1020996755167793 -1.1769162546081546 -0.06859390401067847 -0.17435696145303334 -0.1161853796150813 0.8047675033321341 -0.16608685060284895 -1.6538418057532704 
-0.3561703671634856 -1.004184861771925 -0.2718648903226398 -0.6112336895249948 -0.3761889450975178 -0.2321306967675926 0.4967732372999404 -1.0997160033731623 0.2769852885059784 -0.06160777626427526 
-0.04281985393012608 -0.013130018813611472 0.28609101107693075 -0.13188031677065923 -0.906462255566335 0.20482892873180072 0.6103118693212163 0.42139602787164987 -6.653688680435229E-4 -0.258050465508635 
0.0531838532114698 0.8073913517122351 0.4808938816595205 -0.7711767599020809 0.5035772736393571 -0.5156069342405543 -0.10275033072795986 -1.010186657255055 -0.2537623466203952 -1.1219908979052575 
0.4043609112799121 0.3962106391921377 0.7245778946370475 -0.42803164065575316 0.23404260298612234 0.2955779295532022 -0.8390324805245307 -0.3867957420166481 -0.0901556537950135 -0.16881730727771083 
0.04566113098920558 0.20160773107267868 0.1565808903271272 0.027726275941565095 -0.15545658838766904 0.670628233269755 -0.03557041475384067 -0.03274827760627589 -0.4364887216687981 -0.013013102588446998 
-0.342495512718763 -0.9464903386605721 0.2339208583911013 -0.16105286750587355 1.082735658094257 0.22025675980202924 0.11982791854049261 0.44399182083249383 0.4373594852332175 -2.031682524334657 
0.44662951891105057 -0.28402686680299966 1.109228689011992 1.063126928310479 -1.4893481309957233 -0.6151622640314939 -0.6794947548137337 0.008800021969795709 -0.7821487161832086 0.2937364083612262 
-0.45286042734620885 0.15756919333756617 1.2276954523462174 -0.878936830029496 -0.1835901103977147 0.22738573255387715 -0.24277498612429024 -0.15144997462502632 0.372264877422466 -0.16074031050158694 
-1.6577252079377807 -0.7038961966254805 -0.28008417684320086 -1.2089135086013734 0.5927430573316537 -0.9400828057973252 -0.9500435728194679 0.19482633990231338 0.966523520043739 0.4438022303957239 
-0.02015011541682235 0.26141822944717974 1.350163103053251 -1.163633318995004 -0.3996987917844634 0.5565276020828734 0.4320490376200323 -1.1253776948384622 -1.1447224308711992 -0.4579836782163964 
-0.147812471293895 -0.16233776934522642 -0.2009462317285194 1.1171162712911042 -0.23760407823311813 -0.07038559598046797 -0.10512560876160275 0.06456424729557719 0.20156578162600333 -0.375613790680849 
-0.5969567496815258 -0.8680074541278476 -0.9297204660816534 -2.5681490884828766 -1.394588085153544 2.415310987087962 1.4869858576673263 -0.11081198428970622 -0.40126316288987507 -0.217726236650507 
-0.41243786955614214 0.09215991951405121 -0.5512824081010559 2.164736867290169 -0.02177716310533018 1.6220468325874176 -0.595978908312767 -1.4348730709386754 -1.5099731440056658 1.0192298096930823 
-0.7117673006359126 -0.46103751768968687 -0.23508332000297844 -0.7792490415755929 -1.389070004597598 1.519146043015568 -0.43727554029916144 -0.4244951749467647 -0.561032040610561 1.8152164484009243 
-0.07614089582551052 0.6567440062948616 -0.4214281891158426 -0.32733403231704983 -0.1638992260907615 0.2793664224090953 -0.14682731225589715 -0.08715978039187526 0.273252252813767 0.08000277832765613 
0.5124352838135448 -0.5846587780525152 -0.9154321552117304 -1.1332001633958324 0.8190911437103757 0.4005496247182971 -0.2274480171663824 0.3062745295141859 0.40435378294018387 -1.1153864191180944 
-0.6137890200142433 0.9569083649716623 -1.860079385934178 -0.13101845009103416 -0.7452066996679318 0.716337064756611 0.8897656221692706 0.5098955321845695 0.07068529372018297 -0.8874481953110768 
-0.06472609414291983 0.9350089143443798 -0.27278627155365154 -0.05376765569608676 0.12065748486975929 0.2590494325553573 0.281996220305697 -0.38434908353990577 -0.6420456231108348 -0.08550857022966638 
-1.0869031854594344 0.8735117803232952 0.29750915943851136 -0.7881317800358502 -1.5629627562066737 0.06912872140420215 -0.3839860007630874 -1.0216718116696624 -0.5834605045764655 -0.32073130380523357 
-0.0870176299496897 0.27205078874704003 0.15485959440042352 0.10440096637596782 0.0929766714643984 0.2697625597189257 0.3290054311784808 0.0026612739799009 -0.15090004461462736 -0.05260116202304247 
0.8876484403929434 -1.3584715989828036 0.5731921263939708 0.06537130480402313 -1.2540536880377608 0.5850936215714138 -0.8378278731719123 -0.32933909397029126 -0.2599355044720026 -0.2956260607066557 
0.11283366109600285 0.24191059533667295 0.8646354278498436 0.4042559697540922 -0.35695906875690686 -0.319765682988393 -0.09716260414367887 -1.5631575545899 -0.6303737059117441 -1.0015912109805218 
-0.02112492598010946 0.5432759509848305 0.2844173501222693 0.07768464963927575 0.06674152980785672 0.3383447977406066 0.15242300425019775 0.041946551440636394 -0.07104224002892659 -0.1083708525940362 
0.9158262460023818 -0.7661793937344419 0.34683903424414414 -0.957365608418904 -1.1290958899376953 0.2774746441505515 0.2557146801324525 -0.5259554058619398 -0.23894437194613816 -0.005185555299641205 
0.5810579056573069 -0.769656105596624 -0.755061549169779 0.8333767476494742 -1.447818035796591 0.07940946297996859 -1.2201796882519746 -0.04876943158923583 -0.8785371807044403 0.6701926602536821 
-0.33109949096351027 -0.10705212662830904 0.5544277197168996 0.1776971180823471 -0.48213412768847436 0.22923771395879416 -0.9841018474581753 -0.22424008078382418 -0.36407231206244905 -0.4333489502830175 
0.8134121125072048 -0.1732769863467329 -2.139466788098781 0.05534468050672489 0.46537233309549003 -1.123392907980738 1.7550351713758874 -0.10481553845238882 -1.5356823304494724 1.339473920356626 
-0.562800685299583 -0.8712948084041049 -0.6634611529751453 -0.1703571929302489 0.5072444892329758 -0.9485356161371656 -0.21361589695519176 -0.18842771310932 -1.7187726092731992 0.8477856559000833 
-0.3968651786651263 -0.3339504398326615 -0.04389485030935069 -0.49052942554316625 0.128756139035708 0.14832660255564847 0.254794557007777 0.7169605240366296 -0.16477376600040522 -0.6972087738084034 
-0.18502306688308762 -1.0193264268440005 0.6061355826918755 -0.3730871225621751 -1.5926571727906036 -0.693198465133054 0.4851769379659701 0.8189468318225012 -0.20155497937839098 0.7908101185449633 
-0.7468436485146202 -1.136525446254334 -0.4464712118031663 -1.3107474337981093 0.5025369356943495 1.33807827795446 -1.0829994392243263 -1.5523814795432156 -1.5369282552709462 1.3671974457988405 
-0.26991566261719907 -1.4790582547721605 -1.1543467260944749 0.10795384541799949 1.588286616978999 -1.096812244715221 0.19460259608510885 -0.5346551887037949 -0.7887566407998964 -0.7256980500064228 
-0.31357417138558086 0.7050800605875442 -1.5995589937376964 1.568192110606204 0.531834742218391 -0.6582946699579073 -0.13138251783616123 0.05721906983363733 -1.6634641990493926 0.8474803917288416 
-0.43031523155101487 0.0339364771409633 0.1494277868394706 -0.4911786283796114 -0.5168871798831006 1.1785989613041716 0.3063788090844745 0.8994053946172718 -0.4083418322793953 -0.0043543481418016824 
0.06411122942126189 1.175874301260364 0.480533960234747 1.4133971342807823 0.6803913190455715 -0.8572537467873446 -0.32957949990557206 -0.5884973200177839 -0.4134923202444796 -0.869681776276983 
-0.6061335553551019 -0.55699500033995 -0.800767428291699 -0.5749000820478185 -0.959952896786898 -0.8193855260724292 1.06534693591291 -0.7853429443663209 0.3287649571085152 -0.43288000899156176 
-0.20276054002664823 -0.18001732893527983 -0.27656200501327016 1.2096086768707344 0.08562909245127226 -0.05091534755236063 -0.25174395329431903 0.5421584610549289 -0.9358787747416757 -0.41213392748593525 
-0.15081779629837197 -0.05853623214309985 0.01760882677781105 -0.4814516482701519 -0.9806828059977392 -1.1172691714052991 0.21011602028544688 -0.8531620849387189 0.7731553851266931 0.9090689294637475 
-1.1811952524286575 0.6074654559175167 -0.574600343839397 -1.2266876141762662 0.6613267195553848 1.0192781382065785 -0.2554630411068244 -0.3601207070033615 -1.2561081167800894 0.3894122108912065 
-0.43180514407619386 0.8946764980123639 -0.18933266383097236 1.4686610338909836 1.2886570091123686 -1.6340121137574897 -0.6792257509473576 0.05496749019737354 0.45679347413210647 -0.9013178070496181 
-0.7812313819683738 -0.40380386920082717 -0.8526784966498893 0.1373858432244713 -0.5430600149204048 -0.8297275297536629 1.1182440852940156 0.5366384623392577 0.7366635386215535 -0.9177527218039169 
0.928776429864029 -0.11271855442608462 -0.7369648190501066 -0.12425417142236952 2.0128519185068985 -0.685195904976624 -0.4924688632870136 1.2722816564205668 -0.5864781260795023 -2.1965098407439934 
-0.6936433762925892 0.29217978150282564 -0.13085434965124074 2.133926057644788 -0.5088629893215619 -1.3375308178659777 0.5975775788755071 1.2446567577698602 -0.14503879565478744 -0.3215954590560635 
-0.1507292069634679 -0.049465242502912066 0.43002888383865207 1.1334721744219423 -1.098023697431387 -0.38536418904784664 0.3970318072445561 -0.2601723736270646 -0.4158042126228087 0.8128511140519055 
-0.4506530153302753 -0.07927938142305553 0.047863792868119204 -0.5462890574047793 0.6795800026364394 0.33775219424930814 -0.9276412174071366 -0.21588041778226602 -0.0953932715324486 -0.15926734248326546 
-1.1245193649526974 -0.27298816957069116 -0.05425738481953129 -0.3701698295943576 -0.6936926967470165 1.7027271498831615 -0.29354950391285695 1.0694661560133636 -0.3178499481440511 -0.6422246294882372 
-0.65870003552565 0.5324856689554424 -0.19849285070752543 -1.0643587625372786 1.5868834866656552 -0.5260837977351889 0.16302301609118997 -0.5186682204473809 0.00759913641925569 -1.8801933108431894 
-0.3807925864656884 -0.9279028848328471 -0.4549936772187884 -0.5433212206776116 -0.79895648807772 -0.39727860075977106 -0.3253350654162733 0.28359290180793906 1.9574140121465418 -0.8721505512964965 
-0.4514003405667581 -0.00988973518278789 -0.15587601097663994 -0.3793349627251579 -0.8505783552549787 -0.2235437983813517 -0.21437865713375476 1.1300557447898782 -0.34144840786459163 -1.0255139048816708 
-0.8103750553649808 0.09623094430423053 0.4519475194668205 0.6615832168638583 -0.9327918709273365 -1.798409122071914 -1.1334641163721313 0.9433748861545291 -0.9902172264125235 -1.7177997047540585 
-1.0494156739366933 0.5917951154270678 -0.594822566318635 0.39548772521241216 0.1564514261837101 -0.3388853639611374 -0.2783678821745626 0.46270634460785565 0.3904671469324196 -0.8483437351055197 
0.10273425068530487 0.05841627766521987 0.21804796859303666 0.03260139046471221 0.29732889243358185 0.23086894724795493 -0.07847905372783481 0.07731298567189575 -0.14807678952761555 0.036353458795426806 
-0.34214270750320763 0.5431553398005282 -0.0958583002507529 -1.3100740486413465 0.06349109427372353 0.08543880829404653 -0.24783776732744964 0.20102441986565261 0.2652237139415781 -1.1587227539606793 
0.8644090235142751 -0.7272936741066668 0.11002155744762546 -0.3043759586921566 -0.036589353803302506 -0.47313009006585904 -0.34558209610877444 -0.03550265273872198 -1.289106975264061 -0.2505214926311925 
1.336722045820349 0.14404114083044572 -0.7705593084158322 0.24388274127474283 -0.1920163775965267 -0.689812820333465 0.16377823608404682 0.19903444613621207 -0.20931429801614168 -0.7148007849168219 
0.7119757825202949 -0.4094181242536217 -2.2719039794006153 -2.1173851116389075 -0.2302868882926414 1.6007113193012201 0.79394886083136 -1.1661008936517163 0.3488054466774903 1.569553151064744 
0.15467430837314347 -0.9751685213859148 1.6575902530030198 -0.4900705577910631 -2.0140727737028254 -0.2799889738434502 -1.2383894687143178 0.9393640296956177 -0.6993297174697759 0.7100512488435664 
-0.6810851389116699 0.060876719917487644 0.49407959100236015 -0.08142340848157549 0.7474530025995648 -0.24585842505098357 -1.4206892724971647 0.31002813668569196 0.10050038739281351 -1.2726667214962095 
1.0593671259454516 -0.3483350470257674 -1.053702030279105 -0.7389873336339582 0.4093373550470918 -1.7609101949673787 -0.27802900496482297 1.011954234397406 -0.4490410613144958 -0.5185950063859319 
-0.503895401243395 -0.08248709497761547 -0.07230996157613416 -0.5542347145105619 -0.05333292007612549 0.9331411733317506 -0.2053424385946744 0.8255904381086956 -0.15242364793337185 0.05009340287669536 
1.0762175701969148 -0.15583709446375632 -0.5545646194395172 -1.3290342313968602 -0.4587287413015177 0.8999896868376391 0.34442654452983434 0.06712580260275258 -2.313928896707491 -1.0332333597571501 
0.2107811301065183 -1.3433126651383445 -0.5731018124152675 -1.4299504874978144 1.3888796097454756 -0.5603244389408301 -0.5521037583978324 1.2962203498304559 -2.9104448313701785 1.3939764517323325 
-0.07308036472522773 0.052980100478052065 -0.03174375937146682 0.4362006813017839 -0.30047110955555995 -0.955533477370548 0.7699140432539763 -0.6402881382231086 -1.158641681696466 -0.26128561661399347 
0.07691785808326182 -1.0620135109860842 0.6081788760041263 0.6511018463922305 -0.4418359449779987 -0.6418776517454016 -0.6317894041457325 -0.3172022848647868 -0.0866117880848829 0.35454503066569565 
0.17066883717963555 0.4342594567542938 0.8176942472649746 -0.8580669010260564 0.014691308144434876 0.048600092249701306 -0.3241587648451034 1.301316348956699 -1.1158662848947059 -0.37315450416959905 
-0.5715983526574528 -0.11005811835121736 0.01265392310974475 -1.1655173399649899 0.5279744277539177 -0.601723788519693 0.8137686388369351 1.0004663396040068 0.47493902618881234 -0.3868317883795224 
-0.6045545900166536 0.4645791533219198 -0.577690153582637 -1.5338522251445044 0.6119807128781365 -1.0227499679063823 1.277898405363024 1.122649042344042 0.29856272456434496 0.087985319291312 
-0.6579568245839255 0.04264241256158061 -0.664151840841092 -1.5637729684135606 -1.1650656286389451 0.0877780734523784 0.7883352514876871 -0.5405321598506189 0.23285174781411747 1.0639582223238058 
-0.36959162392480427 -0.3571218442461931 -0.21361665331110508 0.2720795572325786 0.7696838438858079 0.3550112046729679 0.4933892304967244 0.005706481483338337 -0.42383817561097575 -1.9962731235421047 
-0.0917665617943552 -0.3334879023733795 -0.41315636044193743 -0.22900607935946288 0.5120051038619319 2.182990623417619 -0.29913555503446465 -0.6203892574126859 -0.9497038881401125 -0.8252990434469312 
0.07131309156122914 -0.6563761537737743 0.7721223137699829 0.2915601559077916 -0.2173917701007172 0.22622047083033048 -0.4065495454471618 -0.3822551644470891 -1.119045980783035 -0.12567420324648348 
-1.4171610309736353 -0.2479917953779915 -0.12347146867484217 0.8786892652176369 -0.43049835775281275 -0.4859801299541661 -0.3012716823813662 -0.5887266873535956 0.6323761637937015 0.31398026764219805 
0.09708717412317495 0.2224041183118072 0.8827964572586724 -0.25701498471751055 -0.8534894952568504 0.9942483806480504 -0.48287462664249 -0.42102341840866814 -0.5407509777604498 -0.69456871376222 
-0.8381186708110328 -0.6122051389362481 -1.1416941616805916 -0.45577115885679936 0.05283348112066596 -1.6681487241023802 0.646895311082484 -0.1013025703058776 1.3260358927627827 0.04392347839000676 
-1.01319444022675 -0.31662313627442257 1.705871168088901 -1.275110877608815 -1.6503596364506865 0.1823659821191267 1.3023971296673147 0.5045327849073648 -0.5493055404603525 -0.6006881598717835 
-0.39050408182773805 -0.35281282981195733 0.8322658364111696 -0.690149768548122 0.7607947382582397 1.2497397061694941 -2.031472290807036 -0.18539918441252634 -1.2020136368040766 -0.8100977368012735 
-0.6813164548687379 0.6000079913364015 -0.32398825697865946 -0.4497777812718459 0.18992489912060215 1.0439345444084884 -0.19169849713983408 -0.31234306702641684 -0.41141148981343134 -0.9135816764540404 
0.4608756884861912 -1.4133983141633533 -1.1067874549929917 -0.9889875241566543 0.3583414705884646 1.0227279303758807 -0.49648889083053754 -0.390540729619239 0.8614133847221654 -0.8943221116046121 
-0.6190526055574754 -0.0754252664265752 -0.34119942954891436 0.5898702605334082 -1.1724899939370619 -0.3225870247722769 -0.6191674309434538 -0.060748145831457684 0.14062200765375482 0.24452729546544655 
-0.5472924005480223 0.35714075952493707 0.40353635305294794 0.43497586541996597 -1.896455045800909 0.34438701924753085 0.09928104712733263 0.7289125515674252 -0.27306726378904395 -0.21724040144792844 
-0.44676848816586445 -0.35853771170865784 0.7320248656976506 -0.680847176821512 -1.7361717434006332 -0.5821509714612237 -0.8492010511971438 -0.8934949448853647 -0.06816909054607892 1.258096371999108 
0.35177132586067983 0.1829864546661561 1.1186379339547112 0.36381930550243247 0.6442113957083289 -1.5354282656842053 -0.01180971419116066 -0.29372306477654897 -1.4711059131261854 0.41993748557594407 
-0.4126163078672164 0.8154543491816579 -0.18151786594166708 0.643843361603626 0.8821575822656315 0.3219744728469266 -0.6376401813150839 -0.8165472284530484 -0.2247032143714863 -0.4585583320563481 
0.004659022166172385 -0.7475055751491869 -0.3297562480899605 0.8636510671199638 -0.791415226832886 -1.3224523898833953 1.1969379837641327 -0.07303909622295969 -1.2196469052001324 0.05512676993304173 
-0.6260615672743286 0.11406307001460043 0.8547336506471627 0.13039002665883692 -0.3754883596902794 -0.89479778003473 -0.5714029088907381 -0.28408530788843395 0.6626731392966495 0.32633766202198394 
-0.365936010233891 0.12589771039749512 -0.4530219299823763 1.1397152248241158 -0.3187110980734449 -0.2405839973420062 0.29504707121287643 0.47074281107604143 -0.020206208357976548 0.37496206931850495 
-0.09020779950998477 0.3022052582012617 -0.378076164745479 -1.390526454577718 0.33982859540275967 -0.2698226421103185 -0.621099675906997 -0.5007208682456841 -0.7918171001154601 1.3665446387682463 
-2.072861115906629 0.2944658114757921 -1.2515338244574847 0.7018714338806218 0.5763043724053389 1.5303606112670585 -1.2838871172224013 -1.6761987239829577 -0.08480580435560822 1.324890984693667 
0.9216995310287872 0.17511667008807605 -1.0858089239936206 0.963461910863433 -0.6504231244414449 9.88493468647186E-4 0.262549464994661 -0.5505629033893735 -0.01109906876116669 -0.2025021587090692 
0.2533190629038114 -0.1720541336887014 0.18914972134430597 0.2599581044657776 1.345976653580279 -0.24715197386405122 -0.7086461199131886 0.4856902075611311 -0.6324208468230983 -1.4119462638165365 
-0.37513401877823194 0.05033535344061929 1.4918675467441318 -1.3286130563915017 -0.22887739236107257 0.11506307006882338 -0.7387379743343335 1.038603434599619 -1.2665389909062577 -0.29905929067177506 
-0.027602681060107763 0.36368079980468254 -2.209071553170349 0.9842752038634471 -0.743128039996942 0.5817713752703366 0.28606445344213277 0.7819085054580207 0.4056679041329485 -0.9213078393588121 
-1.637996792161358 -0.4993043966865495 0.8186826083575368 0.1252015990259691 0.0803440342904279 1.130762838690203 -1.9204516665080633 0.31123092480885567 -0.9140801961535969 0.0563347481051372 
-1.474494077653717 0.8890655298025709 1.4426050391994274 0.03536271093664585 -0.8318213319155707 0.4706740470092293 -2.3026296798778674 -0.8702412516280552 0.2479024358508959 0.0946676423569136 
-0.4616722773229513 -0.09798650276546386 -0.6689110663762265 0.28734411256114534 1.1867379228483166 -0.9422211669396154 -0.2560971201035066 0.8396188793953514 -1.4767063737320083 -0.14640578941471888 
-0.9402455689671814 -0.14569032450295172 -0.9528455271951284 1.315176872856526 -0.12134398685044918 1.4693337810306557 -0.7786215298778397 -0.2884290618753581 0.002731529839653729 0.014767057438426635 
-0.47590615777229484 0.5621843995757836 0.028443099502782416 1.29176846272391 0.05416219809772384 0.4664557370309816 -0.46082537219050235 -1.0220775690614363 0.07081319225565451 -0.5379231368705906 
-0.34784927953494305 -0.2629040502150458 0.4810948358552835 -1.3812819495484128 -0.5412912339485663 0.7989429726291135 -0.3143792797436036 1.208611038949265 -1.3019878939164338 -0.9516258091720003 
-0.06537957233782135 0.28269471634451565 -0.7333789299228395 -0.11893796693512919 0.7127621359037585 -0.4158196485454167 -0.31416930743482724 1.320299241283279 -1.3973083048205288 0.8528304057887709 
-0.29986085566227133 -0.5276717048280051 0.6095513565565115 -1.5208957969507928 -0.3475801896313263 0.5909950748037653 -0.6041510487389476 -0.10738080567219303 -0.1005097333106786 -0.019693753155078795 
-0.042385070681709595 1.042968646768407 -0.1689950969043723 -0.4036104438823069 0.04382955102590318 0.1664501319561396 0.1739734800813706 -0.43351266643924397 -0.941144301766907 0.6485353992120317 
0.6645558779596468 -0.416114074488322 0.1802493096297833 -1.0242014988630903 -0.17947878866873088 -0.6690668285445155 -1.5313561516026197 0.32796950354001314 0.5625272451320608 1.3723987325348805 
-0.4607135455327354 -0.2539389414617655 -0.495697742648655 -0.8169255522587976 0.7110499014498233 0.030837320302448908 0.1373182825832671 -0.5896318055078119 0.5042569362331786 -1.2351794477345184 
-0.48498709182130295 -0.27345641648420976 -0.11837598385286366 -1.7708514677480156 0.12346901595889509 -1.3788221676849317 -0.15331326787149202 0.48359734461457227 -1.1440785576969519 0.9217357220161658 
-0.3105578420340495 0.0024343585748684824 0.1291049762684724 0.25968355539271154 -0.3672230482046414 0.19794432549840618 -0.3668972200268845 -0.11051166757836585 -0.11891980994281728 0.6696754908221073 
-0.0820775440414653 1.3246022804269648 0.07190875832663604 -1.1184271894659468 -0.2249254693913821 -0.5394367449314889 -0.2826647759315605 0.11484357088521578 -0.23097624280561735 -0.07375994280684663 
0.6187196794344533 0.0577620786320239 -0.8324777674339746 -0.6624578456809721 -0.5052878099198146 -0.39443814989846654 -0.041797652100065114 -0.9122548651117414 -1.463711890532631 -0.3183578336857552 
-0.2762427871521647 1.1900596298435742 -0.3888804590349627 -0.0029142203466348804 0.06158138145109522 0.0044860670656472375 0.07758690766498448 -0.5321836087279503 -0.48966172142926445 -0.15112616021623634 
-0.37905748618209223 -0.9273335597274153 -0.6917449558274209 -0.002725418544434723 0.0056970932534517625 -1.2487436448826235 0.29217706279960287 -0.9984346350161569 -0.9251671918241765 1.0756153320887012 
-0.629858250865133 -0.22274679167417016 -1.121777336539212 -0.024362309386574015 0.13190485088512255 -0.7288197438243511 -0.16276034904163433 -0.7218436089503916 -0.04886275799977048 -0.3933136102511614 
0.15750274251006605 -0.47050606201295 -0.5823137389586053 -1.5535142615103175 -0.7802482542224445 0.8933113153336031 -0.23745737367199712 -0.6446673640617001 0.8567557428597042 0.1747616594685412 
-0.2880564505788732 0.9289984015380853 -0.720214238053965 -0.2043829741175913 -0.18920738070684692 0.7089247763952726 0.08011912688992759 -0.3393608695222774 -0.6776708265871788 0.2947326534905028 
-0.9630276505082318 -0.7354983505179522 0.0912385180891382 0.16387233402531926 -1.4883365995277207 -0.9522843165609484 -0.014079681975298136 0.5466328671031417 -1.1970517259239524 0.7984011294203146 
-0.6225714704187852 -0.04780869157103287 1.3921762013125476 -0.6573850953841375 -0.5182839590835433 0.13199957377941263 -0.20466748047877906 0.47757084955472634 -0.840237949836926 -2.127734693412566 
-0.43523508517678017 -0.25458184834970127 0.3598419640675956 0.47465245006756945 -0.9480538658338776 -0.5484757540778069 -0.6797474353581295 1.7299644145611888 -0.6981517606045515 -1.0926088923748944 
0.01873292606948588 -0.04604282242991864 0.8823348922295603 -0.28461342991379557 0.3046625486027511 -1.1916084862053151 -1.2666173577993596 0.06926007551045799 0.559886517016032 0.820529032134363 
-0.6002975351604208 -0.43853476561256105 0.2812526681315761 -0.5949355406124576 -0.08697769508609866 -0.9708484079656712 0.38267840620755156 -0.10885101060493833 -0.5211514165724873 0.7673138579028551 
-0.9234521644907264 -0.10642710008616134 -0.43082878849740636 0.23036908432645425 0.4628357062342275 0.06733025071824118 -0.6094123265929806 0.6414798703242026 0.09469844101599896 -1.4154958313721726 
-0.37532522257516165 -0.721817835621704 0.7572563116224613 -0.18806722504343795 0.02313628176233409 -0.09438790362798039 0.2515916239708493 0.07908298619642402 -0.10345829415015703 -1.3281831881176611 
1.1510238013396585 -0.4543813436141645 0.25307510684561424 0.021169685414582626 -1.1483603093320125 -0.5248301466949921 -0.9524491332714721 0.2058160346976004 -0.3463837240519103 0.5421510624844597 
-0.9057086860611703 -0.8994296270929845 0.08363285898492677 -0.27734141711186755 1.2284483659918544 -0.25753051665618387 -0.41386955186351854 -1.9515075749956725 -0.4354987633012588 1.5815345220208519 
-0.10314516023533514 0.6997726810833316 0.1061301076120574 -0.5983350022787192 1.442906366008637 0.050328834764258555 0.1521983073238718 -0.36500399193031957 -1.392483417565861 -1.148056274551804 
-0.42111769057415044 -0.0423919459257304 -0.07625915385785655 -0.25146003356799823 0.4323477872368513 -0.2693009715273608 -0.009598827949945368 0.45053503542097306 0.09130456070846754 0.18741232774239888 
-0.698079667284688 -0.8078814166216018 0.6079904075330049 -0.40790591930506365 -0.28277531876807505 -0.9826634549121659 -1.7066347036906433 0.25603635215957093 1.0671259962271387 -1.0601486193864542 
-0.0985854487238812 -0.2428100018228083 1.6424763689981952 -0.4264642765687224 -0.39248753360028615 0.09297399152602913 0.18198629833755947 -0.3605033375261808 -0.41017223351368093 -1.5854689733685774 
-0.4340955042205882 0.21620041500890028 1.349177145544789 -1.4437960055286454 0.320561593919512 -1.194429506474788 0.8291833149034225 -1.8478839168444194 -0.8971859775504897 -0.051159026198049525 
-0.32097327396826913 -1.5124891151370916 -1.1494883257002344 -0.6314872796871273 -0.7551328680513171 -0.22632975547396528 -0.8744786786421679 0.406318794328048 0.7729953423315549 -0.6121199685212648 
-0.10674362769962084 1.220234860322726 -0.34996784274408244 -0.3884287037393936 0.06010428401417042 0.5820680515448345 -0.0011239964308483391 -0.45191161360077453 -1.0872979276158177 -0.003501824398909939 
0.8611525168897046 0.052034304156787815 2.194142443970401 -0.2883214803452726 -0.14180780884979044 0.4280805045180258 -0.02907016024889746 -0.5073275016178785 -2.8611076078722104 -0.5449954919925654 
-0.14343498679036068 0.19786034090522128 -0.07591924008389654 0.23014650780206283 0.47026579327755774 0.4964162139699033 -0.3582380000134856 -0.0537524337326568 0.18352832281509124 0.07129047430618378 
0.42897085901059945 0.6384320029745738 -1.5022126021763331 0.06808420817057549 -1.0551824146369566 1.1932849599333772 0.4300593588272794 0.18593619601582595 0.16836862771656164 0.6066651604518403 
-0.5964711336500249 -0.4775463137758625 -1.9754967915095614 -0.36304757649247865 1.2994586953454663 1.4567634769556366 -0.817954032174117 1.123335577286521 -0.36383263926038023 -0.8221973849698359 
-1.4047361455871994 0.22091978848513028 -0.523196532278456 -0.016591039561795463 -0.05131701138680218 -0.38473745946480575 -1.6904237530187507 0.0039668380926633 1.6509748593647084 -0.9007524427039463 
0.1557019272137882 0.285269256712915 0.2931423874571651 -0.861109551411987 -1.1735698135893542 -1.1408202366974456 0.6364888025397797 -0.01637807665411475 2.4009229924346336 0.9529915797945362 
1.2069098324803027 -0.05522097314856145 -0.8405413548217603 -0.36238207710502496 0.02530177200372412 0.18519082245633295 -0.7808405361096533 0.2223413975436674 -0.22878067124435753 0.15808069543129413 
-0.08995429089562063 1.4140321446338637 -0.35332762742816926 -1.1168601872082542 -0.412784484045544 0.3872858433645187 -0.27493646467444255 -0.38357818406336847 -0.2999186015518923 -0.21135500666207385 
-0.5660744852110441 -0.06090516776595281 -0.8933620999666985 0.5357922896456279 -0.9341587549486993 0.8730491994163687 0.8461224742010857 1.2202766782540058 -0.4250096325564548 -0.27734529686083564 
-0.3922099941191826 0.7162684753825784 0.6222974894907205 1.9303763111321932 -0.01842420311173059 -2.5971188502600975 -1.3803425081904936 -0.46867371248015866 -0.719322785223111 -0.1505878183546503 
-0.6198862955676127 -0.8964976141165638 0.8148505900990386 0.41879822576035064 -0.8304279202957133 0.8985182353765767 -1.4341772017669854 -1.0892045732076954 -0.6213868964665911 -1.0790915404177397 
0.1413696961680463 1.0950592682569136 -0.4673888538564564 1.50771065404302 0.9058169412313751 -0.366998989832807 0.403206847537252 0.1870824214822037 -1.2890899009356271 -1.2262896698193841 
-0.7749174554567275 -1.2463752926085367 1.139678680509054 1.0830611812805668 -0.446275352009128 -0.358327706439914 -1.4132311190997924 0.707936019337706 -0.6953283035740238 -0.6977313215889726 
-1.0945437528695432 0.15200076122850034 1.0910967585528362 -1.2264021415350745 -1.0146392991166036 0.23152723446747236 0.09815990050397282 -0.909379012164126 -0.9526948340502417 -0.22967577743381282 
0.21138348992772557 0.3257245849075931 -1.442544401751314 0.29102285978438786 -0.8163773645386826 1.301991805239204 -0.29795004896142663 -0.773575521854936 -0.40513935074508606 0.0964281241311977 
0.7830777398274855 -0.027053437423001862 -0.44485490953518486 -0.9761316524682805 -0.15816937147102325 -0.5561177546608232 -0.4957783723135822 0.5946372650709547 0.7064857257613107 -0.5281457904273781 
0.9048739089797018 -0.5724899922237613 -1.2750459975083817 -0.3365431993595858 -1.0335913429557413 0.10077122002579776 -0.238834962196941 -0.1452963475163846 0.2585356472805808 0.7108675383145514 
0.11251996822222661 -0.9512665215709852 0.6539315290317564 -0.40330395265635316 0.5368033719106756 -0.6425969932129666 -0.1219751799887239 -0.5597515920591991 -1.397006388190247 0.1057625327024937 
1.3328595332841644 -0.06273838691347774 -0.2768281007723949 -0.6095940194195805 0.7051371050268521 -1.449564624241329 0.24462292121491538 0.08837221654000103 0.38148060075850043 0.46401803677474734 
-0.600439124107452 0.3465540789177079 0.012379513891415167 -0.2112246335767333 0.9569678514571829 0.10228482429371281 -0.39461385044950903 0.43196083376612365 0.09177014975233722 -1.2488820313808635 
-0.0200850592780451 0.04686588136372999 -0.07450304086576734 0.02385853984351376 -0.4694765867472976 1.643806335115427 -0.36068312278533504 -0.21517420645192442 -0.48099732343633556 -0.03936435000725983 
0.13726329551927385 -0.2956735390958737 -1.9620795313247092 -1.058771711050104 1.8997766733456092 1.0430293199535714 -0.3538235135503524 0.06781872546065942 0.36470019016995736 -1.3997646300106843 
-0.3642943588058799 -0.6681590550197749 0.2718603155742243 -0.6969390681695851 -2.1711751346774046 1.831525046392866 -0.4944719683695255 0.8746851561591242 -0.5352686413584169 0.588776481698833 
-0.4814040996565447 -0.22896456817740188 -0.3516009121552941 -0.007527338089360434 -0.47228967480930745 -0.23124253571938136 -0.16785338960494842 0.5991386085485694 -0.15159676152339946 -0.733445814514136 
0.8156795235801216 -0.07421788582890375 -0.6441966616944249 0.8469337095932313 -1.3610445151294441 -0.37973405859612447 -0.37035827361866874 -0.4056677180736547 0.143335280329562 1.0104754326543068 
0.42298446495654424 -0.023265081314526075 -1.653125176407927 0.6417789276281102 -0.025245055491651583 -1.1148241202783666 0.7857712057404784 -0.40473455506042494 -0.9091572722602778 -0.541198443411925 
0.8530340249912041 -0.460007264745278 -0.23127558272399243 -0.3716058182038648 -0.4640034613916857 -0.9471644576216193 -0.2937412136904329 -0.09442140048694588 0.050404401957474185 -0.7292429713961195 
-0.2543900721454139 -0.0762426811570371 -0.4333464463501132 0.37700021559990915 0.4926926562562805 -1.2089162081633908 -0.42301290402419456 -0.6325817083981752 -1.291769314420621 0.8216610640641235 
-0.4510905978719815 -0.12831606871131498 -0.34410374023564055 -0.5091335061903489 -0.28082612162275855 0.184573824025497 0.8299801743716175 0.7413273493535434 0.062225943267533036 -0.7533664166907397 
0.20274010170877232 1.2434570369808702 0.8107749690783961 -0.17728134880725713 0.4166220839863718 0.4706069502181387 -0.4746114401220896 -0.5392510942931473 -0.9357262977476447 -0.6469905252643896 
-1.4803540372163986 -0.45482991649886784 0.0318073731389965 -0.10046110118023464 -0.4729144935322821 -0.24733482278514846 -0.5373437617263702 -1.1964623842845854 1.2209106444796083 -0.10417452840550878 
0.1518586772355593 -0.17652440221922397 -1.2585389538433167 -1.1222048762988337 -0.8918207409982811 -0.7874486048810418 -0.1843384362790421 -0.23299174876220083 -0.7421391533885962 -0.14659577703199264 
0.32885822448004864 0.4696347362063001 -0.13446317088472332 0.019356091695980644 -0.09697491050133729 0.21658209321964259 -0.15993593328315023 0.24332953614587502 -0.06993481020088399 0.18869187603446744 
-0.239567566538088 0.6784310416624683 0.6507879850331593 -1.3215758946093294 -0.6786895986225571 -0.5169626074893859 -0.014071721124135659 0.4217274881677519 1.4987930329943058 -2.0549413483395047 
0.036827661585630875 0.22531449270329326 0.04724270143375116 -0.2350642728126762 -0.12451697296328647 0.3726273494159798 -0.12719809801557433 0.8200856932377488 -1.2008322102753866 -1.555246264350222 
-1.6249457992947975 -0.2935656743325777 -0.24135113292320398 -1.2586782887651888 -0.08122518348053352 1.0311011704929889 -0.49203309912935683 -0.5027439178671052 -0.5548032307595409 0.7912636009711613 
-1.0529464804792255 -0.37282470724344147 -1.1853263959762583 0.012824132218551821 -0.2982467545866238 -1.4125042897045303 -0.579204529985986 1.1066555118047943 -0.5959376119212985 0.016349926621725304 
-1.1471877951537763 -0.13826104623804525 -0.490134945521511 -2.1930851134840004 -0.38426334987817096 0.7620594620711868 0.004868439443792599 -0.9600023206538517 1.3465541904075635 0.47176836205307177 
0.4391255843007758 -0.7327516624534336 0.9851683140529112 -1.955866294882772 -0.557696920151941 -0.4652088490813081 -0.06760337384646728 -1.2366062956018664 0.823357021393375 1.184843709888083 
-0.03664836058167126 -1.3158423026388086 0.1995681564251988 -0.3436253763102873 0.550424321839521 -0.14220575845920558 -0.2929628868535398 -0.356392907192332 -0.07341369813286723 -0.8226735988262915 
-1.3673927473966607 -1.0262584955728031 -0.1396186842860604 -0.27566199039212114 -0.600339095463424 1.2213138617787282 -1.9659087337135217 -1.0194261408590217 1.7614030329946282 0.9202898455985752 
-0.29184185035055193 -0.28936791986706123 -0.09658225991244646 -0.08314220758064592 -0.43515176928427973 -0.1057477764367301 -0.5423701577134697 0.003310343387205901 0.3989905839261144 0.49912935388030144 
-0.28254958552293946 0.44836041557537126 -2.0843389862442954 0.5924515603466922 1.87137070493351 -1.2741308036457972 0.3446581122265025 0.2712868051273903 -0.4587888665369963 -1.8691784812296022 
-0.12222299988296648 0.2223895157242937 0.505775967670556 -2.1120353530626708 -0.6036866014091483 0.9584513073573768 0.21598962823461368 0.18872706552543347 -1.2381560831374359 1.26308742931922 
0.729233685466695 1.2776407776053649 -0.7455911929610842 -0.4210164525393075 -0.21619456201203674 0.21660417353907824 0.05992393812246033 -0.20374510771918364 -0.43340521894058537 -0.22080468743698872 
0.673388986594482 0.06514502913142153 -0.5994089103270148 0.2500250138184169 -0.8101177469700649 0.3842601041949997 -0.2365302350216142 0.4194195978118536 -0.5624990516703242 -0.9761707426574393 
-0.1706748114272355 1.2047488803836237 -0.22524447617900045 -0.24570887119574816 1.4522034127959524 -0.2888165439325671 -0.14480843386310305 -0.23679787384950612 -0.6677403846063686 -0.5693012849799116 
-0.004052887243668661 0.5032839475997861 -0.5025217838244282 -0.2858941691354889 -0.13940611130940425 -1.0257423277522926 0.8644635086067887 -0.30904356130525473 -1.1537088911179871 0.27385093916023945 
1.4999482334881515 -0.33660457396019194 -0.8247728018321473 -0.05439065840901429 -0.18957018036831358 -0.5437755058269745 -1.5625451769477638 -0.31902521198876554 -1.4988297948122629 -0.9072792939433486 
-0.5350487690530964 -0.7381423889989884 0.8759498407991552 -1.6746421203780935 0.2514897346268954 -1.096099786969024 1.0062632638711015 -0.06818125956580427 1.0389781234718525 -0.4712955067036001 
-0.5447205440677919 -0.21390761735628383 -0.14698216887056592 -0.11970298803281032 0.326628194762391 -0.17209818177058275 -0.8041266366013111 0.5203822211406227 -0.3902900318102745 -0.6665419174397691 
-0.3038628674542834 -1.5228271114207814 -0.6448069841718461 0.16137114975174746 0.5314016386938719 -0.445148585863545 0.12363003613755374 0.3274141684755053 0.11883787968828602 -1.3118379343951163 
-0.4907687899575333 -0.5301826131924434 -0.303020632196684 0.9980021803873247 -0.7310846361604947 -0.25389669680635724 1.6967466811142022 -0.29620533327871984 -0.6908520183252358 -0.006370331264045739 
-0.20363297333763444 0.7206531189739201 0.6053229464175856 0.004352048875412489 0.3680005368606503 -1.0249804723050158 0.027357663532678655 -0.9685075853355186 -1.5739837692929142 0.25070274456298797 
-0.03673667284900842 0.22367673667472604 -0.9576009742858926 -0.2897691686666727 -0.2422302854692941 0.7065853419299113 0.32715702882979253 0.47809068408807043 -0.60420671199393 1.3769366580634128 
0.8105334167293473 -0.2132974639399094 0.46761247305989806 0.49443497344048043 -1.112094229798625 -1.3975822165585283 -0.826169515658916 0.3953167190132319 -0.6007742804840798 1.1511539199804657 
-0.2482827967671361 0.3060083728056894 0.324915156107434 -1.5895434255935046 -0.7018162944861874 -0.8526287232877545 0.6387539799964012 -0.5136675365667965 1.4985490182245453 -0.9935372147058351 
0.1934064824383928 -0.6893130082365851 0.9683251196453391 0.8209532047325708 -1.9541752753204904 0.019123467517695607 0.5998455941091887 -0.4810616677794855 -0.4146109324835375 1.2502265610993561 
-0.1993324077121862 0.08780378069535558 0.07311573761487214 -0.27494307452404765 -0.445997358868834 0.5475898293155913 -0.15246067742574326 0.620404084005937 -0.2848169127574127 0.01934167954344904 
-0.31176749017982125 0.6924660504986921 -0.7370703405228493 -0.5634679413797712 0.15404002842322775 0.4093009724006468 -0.009485476066858886 1.3523904955950334 -0.7259186701509456 0.8326026261398057 
-0.5594453238635727 -0.38515043101463753 -0.939101109329311 -0.6242032461960458 0.2647116288727153 -0.6177352137020764 -0.4066933216913387 0.8540479244133347 -0.6213072041459881 0.33087310551602256 
-0.18294819218743621 0.5900165304738869 0.149537719949689 0.0391388243258285 0.1702557153530874 0.2822666493903323 -0.0271316909551402 0.2201275669038985 -0.1198057047294092 0.16264028269934078 
0.22721050438082271 -0.10802701839535518 -0.24248496657916566 0.5005078882680347 -0.9484572443546997 -1.4250725446580936 -0.28374075283171657 -1.2923794198451755 1.5372014426823384 0.47028327809423304 
0.2256576187304922 0.08544750091364807 -1.623790233100729 -1.560306971019472 -0.014035766233844721 1.3461237364709222 0.6819684480326729 -1.4405017602931889 -1.0686063377416604 0.7748629563197189 
-1.4711811979998277 0.12130778528993516 0.1250142464289412 0.7908405397542086 0.3275878640301463 0.32733946008820053 -0.443368427288081 0.7285898114965059 -0.8108821632389205 -0.03495520402500816 
-0.23820431685544188 0.5997824891207607 0.25900308683976747 -0.24331483660514477 0.3506471289081483 -0.1452151466026214 0.045902267659021376 -0.10480367769092622 -1.3919358627187615 0.6663165525521373 
-0.38457989521722374 -0.5704183060816191 0.19106393702331192 -0.8159484665796024 -0.6545337712676434 0.8628190531730385 0.7416783949153037 -0.6128346248523759 -0.27849409970792166 -0.37501753103485264 
0.40956080944414375 -0.2739655388302276 -0.9122029680518852 -0.045195611454704895 -1.4278085289331233 0.2811028555723631 -0.9034079893674256 -0.3627953897117612 -0.38156751724120463 0.7866539327825287 
-0.3509007156333084 0.7960827034470777 1.4030740793821925 0.26399333540313097 -0.29843440910423297 0.7409381311192025 -0.13849557913248203 -0.12499375619864711 -0.5941687915019714 -0.7563337189013515 
0.48621448377163934 -0.541482771597893 0.3795111576917219 -0.5865678999331557 -0.4294443447740201 -0.6165017444414033 0.08135265522787925 0.21967174725998942 -0.5428069722224284 -0.433958390868293 
-0.6476095425467293 -0.35743687180168776 0.6133415863282149 1.0609692489904525 -0.1362997933065903 0.5332114659106226 -0.32318351662837086 -0.915460992999472 -1.2397929428673806 0.444666428138178 
0.11928540371193873 -0.47204166136417924 0.03023732012454513 -0.7453986965205499 -1.1238760575509794 0.29493358267010067 0.45567101186253 -0.9270743780255589 0.3942423095520361 -1.6162050134513442 
-0.2165277389172405 1.0450315558475232 -0.25849403576333396 -1.1292285761675998 0.29564798164368 -0.5433632807065824 -0.043416039554102184 0.37984599638409317 -0.8162182045745019 -0.12601605013003864 
-0.14632229162118432 -0.16618153633242916 -0.9555608465045538 0.323472901007674 1.299875275760111 -1.3174743986238144 0.19264657546938277 0.8315559902669711 -0.22098030464227342 -2.007380262044858 
-1.018825319224682 -0.1270236728222352 0.010760431463007314 -0.35467763881684605 -0.8120864634680919 -0.06624689481709668 -0.20933077279032655 1.2030243158677874 -0.36973149609381967 -1.2849292038095073 
